11. SCRIPTORES cl'rA'rl.

ll. INDEX SCRIPTORUM.

1. Loci scripturae sacrae quos commemoravit Ennodius:

Genegjs vaorbin

33 1 302200

4,7 1 720
0211 0230

Leviticua
2130 1 8010

Deuteronomium
1020 1 5134
3210 1 3073

1011111111
21 110834
20 13028
123 1 5538
IV Regum
0101 4224
Tobias
2211 1131

Psalmi
24 180122
43 1 0211
7301 5224
2433129022
300 110833
313 1 728

33,1·.›: 11111

301 1 727
393 1 7211
453 1 5020
40301 5137

181 5130
508 1 7212
54341 4:21
72271 0222
753 1 010

121 7213
802 110832
1083 1 4035
1453 1 728

Proverbia

9‚8 131137
10211 54.4
14351 0020
15321 544
183 1 527
20331 1215
21311 5037
204 1 5020

7138

272 1 2383
7 1 21037

1 Ecclesiastefl

1 Sapientia

25 1 502

Ecclesiasticus
11,7 1 5132
15371 7224

isaias
1 1,·’2 1 4033
1 2121 5220
33 1 5138
1 11 : 111111
141 5137
53 1 5532
7331 520
8321 5210
103 1 5213
3 1 020
1 11; 53:20
1 14,4 1 5022
1 101 5430
17341 5830
122 1 5837
5 1 5437
10341 5022
21,2 1 5324
1 207 1 0431
, 30‚1·2: 11111
1 141 5438
Ι 313 1 5420
1 32201 553
41311 508
1 42251 5834
504 1 41,0
j 513 1 5835
ἓ 1111 : 111111
1 583 13020
1111111οωί111
33 1 2021
21131221
Matthaeus
539128οὓ
73 affl

1’1 Arabicis numerio paginae 1111111·

, 07 1 4930132218
1 1101 130022)

1 Matthaeus

1 10301 7138

’ 241 5038
11321 15312303
10181 022
18391 153

1 25341 7138

1
1 Lucus

· 4:23: 527
1 nmo: 49111
125 1 0437

321 083
¹ 111111 : 11111

÷ Johannes

1 3:20: 11111)
¹ 044 1 500
1 11,111; 11111,

1ιά Romanos
129-31: 0538 ε.
2121 0025
341 0530
7381 7133
24130130
1138132338
331 0535
0341 7130
12301 0240
14,4 1 0218
221 0020

ad Corinthios

1 2141 000
wa: 720
1130132218
22124223
1131113222
15301 7215

1112301 3351301125
111 5032

tul Galatas
034 1 5022

ad Ephesios
5271112012
03 1 053

amm.

 

