INDICES.

l. INDEX OPERUM

SECUNDUM SIRMONDI EDITIONEM.

Numeri uncis inclusi ad Sirmondi‚ Romani 111 hanc editionem referendi sunt.

1. EPISTULAE.

Adeodcto Lxxlv (1111))111101100011111111111 (VIIIll) Avieno cnhxln (1131)
111111 (1131)( 111111 (111) Avito 1111111 (1111)
111111 (11111) 1111011111 11111 (1114)ι 11111111 111)
111111 (111131) 111111 (11114) 11111111 (111)
ccxc (1111) Armenio 11111 (111) 1111 (vm)
cccx (IX32) ( catorio 1111 (114) 111111 1111)

1111111 (1111) 1 11111 (1111) 111111 (1111)

Agapio 111111 (111141) ) 11111111) 11111 (111) 1111111 (1111) ,
11111 (1111) ( cccxc (111111)

Agapito 11111 (111)1 ccxc (111115) Barbarae 11111111 (111111)
11111 (111) 1111 (1111) 11111 (vum)
11111 (1111))1111111111 (111) cmo 111111 (1115)
1111 cvm! 11111 (111) Beato 1111111 111111)
11111 (111) ) 111 (1111) 11111111 (111111)
1111111 (1111) , 1111 (1111) ccv 1111118)

,13111111 1111 (1111) 1 1111 (11111) 1111 (111119)

Agnello 111111 (1111111111)Ι 11111 (11111)Ι 11111111 (116)
11111 (1111)( 111 (11111) 11111 (οι)Ι 61 ⁴
111111 (1111)) 11111 (11131) Boethio 111111 (116)
111111 (11111) · 111111 (111) 11111111 (11111)

‚ 1111111 (1111111 1111111 (111) 111111 (vm 1)
111111 (11111) , 1111111 (1111) 1111111 (111131)
11111111 (111111) , 1111 (1131) 111111 (111111)
1111111 (1111) ζ 1111111 (1113) 11111 (111111)

Albino 11111 (1111) ) 111111 (1119) 1111111 (111111)
1111111 (1111) ³ 11111111 (11111)

1111111 111111 cvm} 1111111 (11111) 1111011111 (1111)

Ambrosio 11111 (011)) . 11111111 (11111) 1111111111 (119)

Apodemiae 11111 (1111)) 111111111 (11111) 1111110111 (111)

Apollinari 111 (111)) cnm (111111) 1110111111 (1111)
111111 (11113) ccxx (111111) 1011110111 (1111)
111 (1119) z 1111111 (111) 111 11119)

Aproniano 1111111 (1131) ι 11111111 (1111) 1111 (1111)

Aratori 1111111111 (11111) 111111 (1131) 11111 (1113)

 

